  0.00226195 8.611e-07
  0.00226195 1.38651e-06
  0.00226195 2.25891e-06
  0.00226195 1.1e-06
  0.00226195 9.4721e-07
  0.00226195 1.50553e-06
  0.00243317 1.83399e-06
  0.00243317 2.98794e-06
  0.00243317 1.99142e-06
  0.00243317 1.99142e-06
  0.00234756 1.943e-06
  0.00234756 3.57706e-06
  0.00234756 2.38406e-06
  0.00234756 2.38406e-06
  0.00252526 3.15349e-06
  0.00234756 2.5425e-06
  0.00234756 4.14225e-06
  0.00234756 2.76075e-06
  0.00234756 2.76075e-06
  0.00252526 3.65175e-06
  0.00243641 4.37175e-06
  0.00234756 3.46684e-06
  0.00234756 9.41262e-06
  0.00234756 3.76444e-06
  0.00234756 3.76444e-06
  0.00252526 4.97936e-06
  0.00243641 2.31953e-06
  0.00243641 6.903e-06
  0.00234756 2.08033e-06
  0.00234756 3.38928e-06
  0.00234756 2.25891e-06
  0.00234756 2.25891e-06
  0.00252526 2.98794e-06
  0.00243641 3.57706e-06
  0.00243641 4.14225e-06
  0.00243641 5.64819e-06
  0.00234756 2.42724e-06
  0.00234756 6.59006e-06
  0.00234756 2.6356e-06
  0.00234756 2.6356e-06
  0.00252526 3.4862e-06
  0.00243641 2.31953e-06
  0.00243641 4.833e-06
  0.00243641 2.31953e-06
  0.00243641 3.95447e-06
  0.00234756 2.24192e-06
  0.00234756 6.08691e-06
  0.00234756 2.43437e-06
  0.00234756 2.43437e-06
  0.00252526 3.22003e-06
  0.00243641 2.31953e-06
  0.00243641 4.464e-06
  0.00243641 2.31953e-06
  0.00243641 3.65254e-06
  0.00243641 2.31953e-06
  0.00230095 2.222e-06
  0.00230095 1.91336e-06
  0.00230095 2.4442e-06
  0.00230095 2.4442e-06
  0.00247512 3.60631e-06
  0.00238804 3.38411e-06
  0.00238804 3.38411e-06
  0.00238804 3.38411e-06
  0.00238804 3.38411e-06
  0.00238804 3.38411e-06
  0.00238804 3.38411e-06
  0.00232854 1.433e-05
  0.00232854 1.23396e-05
  0.00232854 1.5763e-05
  0.00232854 1.5763e-05
  0.00250479 2.32576e-05
  0.00241667 2.18246e-05
  0.00241667 2.18246e-05
  0.00241667 2.18246e-05
  0.00241667 2.18246e-05
  0.00241667 2.18246e-05
  0.00241667 2.18246e-05
  0.00236869 3.18413e-05
  0.00370492 9.85e-06
  0.00370492 8.48183e-06
  0.00370492 1.0835e-05
  0.00370492 1.0835e-05
  0.00398536 1.59866e-05
  0.00384514 1.50016e-05
  0.00384514 1.50016e-05
  0.00384514 1.50016e-05
  0.00384514 1.50016e-05
  0.00384514 1.50016e-05
  0.00384514 1.50016e-05
  0.0037688 2.18867e-05
  0.00381398 0.000141151
  0.00411014 5.828e-06
  0.00411014 5.01849e-06
  0.00411014 6.4108e-06
  0.00411014 6.4108e-06
  0.00442125 9.45884e-06
  0.00426569 8.87604e-06
  0.00426569 8.87604e-06
  0.00426569 8.87604e-06
  0.00426569 8.87604e-06
  0.00426569 8.87604e-06
  0.00426569 8.87604e-06
  0.004181 1.29498e-05
  0.00423112 8.35152e-05
  0.00673212 5.74058e-05
  0.00466326 5.162e-06
  0.00466326 4.445e-06
  0.00466326 5.6782e-06
  0.00466326 5.6782e-06
  0.00501624 8.37793e-06
  0.00483975 7.86173e-06
  0.00483975 7.86173e-06
  0.00483975 7.86173e-06
  0.00483975 7.86173e-06
  0.00483975 7.86173e-06
  0.00483975 7.86173e-06
  0.00474366 1.147e-05
  0.00480053 7.39715e-05
  0.00763809 5.08457e-05
  0.00847348 3.00841e-05
  0.00545989 5.862e-06
  0.00545989 5.04777e-06
  0.00545989 6.4482e-06
  0.00545989 6.4482e-06
  0.00587317 9.51403e-06
  0.00566653 8.92783e-06
  0.00566653 8.92783e-06
  0.00566653 8.92783e-06
  0.00566653 8.92783e-06
  0.00566653 8.92783e-06
  0.00566653 8.92783e-06
  0.00555402 1.30254e-05
  0.00562061 8.40025e-05
  0.00894292 5.77407e-05
  0.00992102 3.41637e-05
  0.0112561 3.02596e-05
  0.00407304 5.297e-06
  0.00407304 4.56125e-06
  0.00407304 5.8267e-06
  0.00407304 5.8267e-06
  0.00438134 8.59703e-06
  0.00422719 8.06733e-06
  0.00422719 8.06733e-06
  0.00422719 8.06733e-06
  0.00422719 8.06733e-06
  0.00422719 8.06733e-06
  0.00422719 8.06733e-06
  0.00414326 1.17699e-05
  0.00419293 7.5906e-05
  0.00667136 5.21754e-05
  0.00740101 3.08709e-05
  0.008397 2.73431e-05
  0.00983147 3.1051e-05
  0.00353133 3.888e-06
  0.00353133 3.34796e-06
  0.00353133 4.2768e-06
  0.00353133 4.2768e-06
  0.00379863 6.31022e-06
  0.00366498 5.92142e-06
  0.00366498 5.92142e-06
  0.00366498 5.92142e-06
  0.00366498 5.92142e-06
  0.00366498 5.92142e-06
  0.00366498 5.92142e-06
  0.00359222 8.63914e-06
  0.00363528 5.5715e-05
  0.00578407 3.82968e-05
  0.00641668 2.26593e-05
  0.00728021 2.00699e-05
  0.0085239 2.27915e-05
  0.00635877 2.05947e-05
  0.000437552 1.23e-07
  0.000437552 1.05915e-07
  0.000437552 1.353e-07
  0.000437552 1.353e-07
  0.000470672 1.99629e-07
  0.000454112 1.87329e-07
  0.000454112 1.87329e-07
  0.000454112 1.87329e-07
  0.000454112 1.87329e-07
  0.000454112 1.87329e-07
  0.000454112 1.87329e-07
  0.000445096 2.73306e-07
  0.000450432 1.76259e-06
  0.00071668 1.21155e-06
  0.000795064 7.16844e-07
  0.00090206 6.34926e-07
  0.00105616 7.21026e-07
  0.000787888 6.51531e-07
  0.0006831 4.78224e-07
  0 0
  0 0
  0 0
  0 0
  0 0
  0 0
  0 0
  0 0
  0 0
  0 0
  0 0
  0 0
  0 0
  0 0
  0 0
  0 0
  0 0
  0 0
  0 0
  0 0
  0 0
  0 0
  0 0
  0 0
  0 0
  0 0
  0 0
  0 0
  0 0
  0 0
  0 0
  0 0
  0 0
  0 0
  0 0
  0 0
  0 0
  0 0
  0 0
  0 0
  0 0
  0.00475219 3.616e-06
  0.00475219 3.11374e-06
  0.00475219 3.9776e-06
  0.00475219 3.9776e-06
  0.00511191 5.86877e-06
  0.00493205 5.50717e-06
  0.00493205 5.50717e-06
  0.00493205 5.50717e-06
  0.00493205 5.50717e-06
  0.00493205 5.50717e-06
  0.00493205 5.50717e-06
  0.00483413 8.03475e-06
  0.00489208 5.18173e-05
  0.00778377 3.56176e-05
  0.00863509 2.10741e-05
  0.00979716 1.86658e-05
  0.0114708 2.1197e-05
  0.00855715 1.91539e-05
  0.00741906 1.4059e-05
  0.000919264 4.44768e-07
  0 0
  0 0
  0.000972602 2.5425e-07
  0.000972602 6.903e-07
  0.000972602 2.76075e-07
  0.000972602 2.76075e-07
  0.00104622 3.65175e-07
  0.00100941 1.09032e-07
  0.00100941 1.09032e-07
  0.00100941 1.09032e-07
  0.00100941 4.14225e-07
  0.00100941 1.09032e-07
  0.00100941 1.09032e-07
  0.000989371 1.59073e-07
  0.00100123 1.02589e-06
  0.00159305 7.05161e-07
  0.00176729 4.17226e-07
  0.00200512 3.69548e-07
  0.00234766 4.19661e-07
  0.00175134 3.79212e-07
  0.00151841 2.78342e-07
  0.00018814 8.80557e-09
  0 0
  0 0
  0.00204336 2.58869e-07
  0.000972602 4.62283e-07
  0.000972602 1.25512e-06
  0.000972602 5.01966e-07
  0.000972602 5.01966e-07
  0.00104622 6.63969e-07
  0.00100941 1.09032e-07
  0.00100941 1.09032e-07
  0.00100941 1.09032e-07
  0.00100941 7.53153e-07
  0.00100941 1.09032e-07
  0.00100941 1.09032e-07
  0.000989371 1.59073e-07
  0.00100123 1.02589e-06
  0.00159305 7.05161e-07
  0.00176729 4.17226e-07
  0.00200512 3.69548e-07
  0.00234766 4.19661e-07
  0.00175134 3.79212e-07
  0.00151841 2.78342e-07
  0.00018814 8.80557e-09
  0 0
  0 0
  0.00204336 2.58869e-07
  0.000418202 5.12513e-09
  0 0
  0 0
  0 0
  0 0
  0 0
  0 0
  0 0
  0 0
  0 0
  0 0
  0 0
  0 0
  0 0
  0 0
  0 0
  0 0
  0 0
  0 0
  0 0
  0 0
  0 0
  0 0
  0 0
  0 0
  0 0
  0.000972602 1.09791e-07
  0.000972602 2.98087e-07
  0.000972602 1.19215e-07
  0.000972602 1.19215e-07
  0.00104622 1.57691e-07
  0.00100941 1.47975e-07
  0.00100941 1.47975e-07
  0.00100941 1.47975e-07
  0.00100941 1.78872e-07
  0.00100941 1.47975e-07
  0.00100941 1.47975e-07
  0.000989371 2.1589e-07
  0.00100123 1.3923e-06
  0.00159305 9.57026e-07
  0.00176729 5.66249e-07
  0.00200512 5.0154e-07
  0.00234766 5.69552e-07
  0.00175134 5.14657e-07
  0.00151841 3.77758e-07
  0.00018814 1.19507e-08
  0 0
  0 0
  0.00204336 3.51331e-07
  0.000418202 6.95568e-09
  0.000418202 6.95568e-09
  0 0
  0.000384285 6.59694e-08
  0.000384285 1.7911e-07
  0.000384285 7.16323e-08
  0.000384285 7.16323e-08
  0.000413373 9.47507e-08
  0.000398829 8.89127e-08
  0.000398829 8.89127e-08
  0.000398829 8.89127e-08
  0.000398829 1.07478e-07
  0.000398829 8.89127e-08
  0.000398829 8.89127e-08
  0.00039091 1.2972e-07
  0.000395597 8.36585e-07
  0.000629432 5.75043e-07
  0.000698274 3.40239e-07
  0.000792244 3.01358e-07
  0.000927584 3.42224e-07
  0.000691971 3.09239e-07
  0.00059994 2.26981e-07
  7.4336e-05 7.18074e-09
  0 0
  0 0
  0.000807354 2.11102e-07
  0.000165236 4.17942e-09
  0.000165236 4.17942e-09
  0 0
  0.000165236 5.6722e-09
  0.00150765 7.97441e-07
  0.00150765 2.16509e-06
  0.00150765 8.65894e-07
  0.00150765 8.65894e-07
  0.00162177 1.14535e-06
  0.00156471 1.07478e-06
  0.00156471 1.07478e-06
  0.00156471 1.07478e-06
  0.00156471 1.29919e-06
  0.00156471 1.07478e-06
  0.00156471 1.07478e-06
  0.00153365 1.56807e-06
  0.00155203 1.01127e-05
  0.00246943 6.95115e-06
  0.00273951 4.11282e-06
  0.00310819 3.64282e-06
  0.00363916 4.13681e-06
  0.00271479 3.73809e-06
  0.00235373 2.74376e-06
  0.00029164 8.68011e-08
  0 0
  0 0
  0.00316746 2.55181e-06
  0.000648265 5.05211e-08
  0.000648265 5.05211e-08
  0 0
  0.000648265 6.85658e-08
  0.000256136 4.11988e-08
  0.00577378 5.32343e-06
  0.00577378 1.44533e-05
  0.00577378 5.7804e-06
  0.00577378 5.7804e-06
  0.00621082 7.64595e-06
  0.0059923 7.17485e-06
  0.0059923 7.17485e-06
  0.0059923 7.17485e-06
  0.0059923 8.67295e-06
  0.0059923 7.17485e-06
  0.0059923 7.17485e-06
  0.00587333 1.04678e-05
  0.00594374 6.75086e-05
  0.00945706 4.64034e-05
  0.0104914 2.74557e-05
  0.0119033 2.43182e-05
  0.0139367 2.76159e-05
  0.0103967 2.49542e-05
  0.00901395 1.83164e-05
  0.00111688 5.79453e-07
  0 0
  0 0
  0.0121303 1.7035e-05
  0.00248263 3.37261e-07
  0.00248263 3.37261e-07
  0 0
  0.00248263 4.57721e-07
  0.000980912 2.75028e-07
  0.00384838 3.32455e-06
  0.00376437 3.138e-06
  0.00376437 2.70213e-06
  0.00376437 3.4518e-06
  0.00376437 3.4518e-06
  0.00404931 5.09297e-06
  0.00390684 4.77917e-06
  0.00390684 4.77917e-06
  0.00390684 4.77917e-06
  0.00390684 4.77917e-06
  0.00390684 4.77917e-06
  0.00390684 4.77917e-06
  0.00382928 6.97264e-06
  0.00387518 4.49675e-05
  0.00616578 3.09093e-05
  0.00684014 1.82883e-05
  0.00776066 1.61984e-05
  0.00908642 1.8395e-05
  0.00677841 1.6622e-05
  0.00587689 1.22005e-05
  0.00072818 3.85974e-07
  0 0
  0 0
  0.00790867 1.1347e-05
  0.00161862 2.24649e-07
  0.00161862 2.24649e-07
  0 0
  0.00161862 3.04888e-07
  0.000639532 1.83196e-07
  0.00250905 2.21449e-06
  0.00960881 1.47831e-05
  0.00163226 8.722e-07
  0.00163226 7.51051e-07
  0.00163226 1.50553e-06
  0.00163226 9.5942e-07
  0.00175581 1.99142e-06
  0.00169404 2.38406e-06
  0.00169404 2.76075e-06
  0.00169404 3.76444e-06
  0.00169404 2.25891e-06
  0.00169404 2.6356e-06
  0.00169404 2.43437e-06
  0.0016604 1.93803e-06
  0.00168031 1.24986e-05
  0.00267353 8.59117e-06
  0.00296593 5.08318e-06
  0.00336508 4.5023e-06
  0.00393994 5.11284e-06
  0.00293917 4.62004e-06
  0.00254826 3.39111e-06
  0.000315744 1.07281e-07
  0 0
  0 0
  0.00342925 3.15388e-06
  0.000701844 2.76075e-07
  0.000701844 5.01966e-07
  0 0
  0.000701844 1.19215e-07
  0.000277306 7.16323e-08
  0.00108794 8.65894e-07
  0.00416645 5.7804e-06
  0.00271643 2.73696e-06
  0.00445257 3.911e-06
  0.00445257 3.36776e-06
  0.00445257 4.7988e-06
  0.00445257 4.3021e-06
  0.0047896 6.34755e-06
  0.00462108 7.59907e-06
  0.00462108 8.79975e-06
  0.00462108 1.19989e-05
  0.00462108 7.20015e-06
  0.00462108 8.40083e-06
  0.00462108 7.75942e-06
  0.00452934 8.69024e-06
  0.00458363 5.60446e-05
  0.007293 3.85234e-05
  0.00809064 2.27933e-05
  0.00917944 2.01886e-05
  0.0107476 2.29263e-05
  0.00801762 2.07166e-05
  0.00695129 1.5206e-05
  0.000861304 4.81053e-07
  0 0
  0 0
  0.00935451 1.41422e-05
  0.00191453 8.79975e-07
  0.00191453 1.59999e-06
  0 0
  0.00191453 3.79993e-07
  0.00075645 2.28324e-07
  0.00296775 2.75999e-06
  0.0113655 1.84247e-05
  0.00741002 1.22727e-05
  0.00321304 3.41117e-06
  0.00790923 8.092e-06
  0.00790923 6.96802e-06
  0.00790923 9.92888e-06
  0.00790923 8.9012e-06
  0.00850791 1.31333e-05
  0.00820857 1.57228e-05
  0.00820857 1.8207e-05
  0.00820857 2.48263e-05
  0.00820857 1.48974e-05
  0.00820857 1.73816e-05
  0.00820857 1.60545e-05
  0.00804559 1.79804e-05
  0.00814205 0.000115958
  0.0129548 7.97062e-05
  0.0143717 4.71602e-05
  0.0163057 4.17709e-05
  0.0190912 4.74353e-05
  0.0142419 4.28633e-05
  0.0123478 3.14617e-05
  0.00152996 9.95316e-07
  0 0
  0 0
  0.0166167 2.92607e-05
  0.00340083 1.8207e-06
  0.00340083 3.31044e-06
  0 0
  0.00340083 7.86219e-07
  0.0013437 4.72411e-07
  0.00527171 5.71052e-06
  0.0201888 3.81214e-05
  0.0131627 2.53927e-05
  0.00570742 7.05784e-06
  0.015569 3.16478e-05
  0.00448063 4.4e-06
  0.00448063 3.78884e-06
  0.00448063 4.84e-06
  0.00448063 4.84e-06
  0.00481978 7.1412e-06
  0.00465021 6.7012e-06
  0.00465021 6.7012e-06
  0.00465021 6.7012e-06
  0.00465021 6.7012e-06
  0.00465021 6.7012e-06
  0.00465021 6.7012e-06
  0.00455788 9.7768e-06
  0.00461252 6.3052e-05
  0.00733896 4.334e-05
  0.00814163 2.56432e-05
  0.00923729 2.27128e-05
  0.0108153 2.57928e-05
  0.00806814 2.33068e-05
  0.00699509 1.71072e-05
  0.000866732 5.412e-07
  0 0
  0 0
  0.00941346 1.59104e-05
  0.00192659 3.14996e-07
  0.00192659 3.14996e-07
  0 0
  0.00192659 4.27504e-07
  0.000761217 2.56872e-07
  0.00298646 3.10508e-06
  0.0114371 2.07284e-05
  0.00745672 1.38072e-05
  0.00323329 3.83768e-06
  0.00881994 1.72084e-05
  0.0156671 3.56048e-05
  0.00226195 1.72325e-06
  0.00226195 2.80753e-06
  0.00226195 1.87117e-06
  0.00226195 1.87117e-06
  0.00243317 2.47508e-06
  0.00234756 2.96308e-06
  0.00234756 3.43125e-06
  0.00234756 4.6787e-06
  0.00234756 2.80753e-06
  0.00234756 3.2757e-06
  0.00234756 3.0256e-06
  0.00230095 3.38855e-06
  0.00232854 2.18532e-05
  0.00370492 1.50212e-05
  0.00411014 8.8877e-06
  0.00466326 7.87205e-06
  0.00545989 8.93955e-06
  0.00407304 8.07792e-06
  0.00353133 5.9292e-06
  0.000437552 1.87575e-07
  0 0
  0 0
  0.00475219 5.5144e-06
  0.000972602 3.43125e-07
  0.000972602 6.23877e-07
  0 0
  0.000972602 1.48169e-07
  0.000384285 8.90295e-08
  0.00150765 1.07619e-06
  0.00577378 7.18428e-06
  0.00376437 4.78545e-06
  0.00163226 1.87117e-06
  0.00445257 5.96427e-06
  0.00790923 1.23403e-05
  0.00448063 6.71e-06
  0.000422295 3.051e-07
  0.000422295 8.2836e-07
  0.000422295 3.3129e-07
  0.000422295 3.3129e-07
  0.00045426 4.3821e-07
  0.000438277 4.1121e-07
  0.000438277 4.1121e-07
  0.000438277 4.1121e-07
  0.000438277 4.9707e-07
  0.000438277 4.1121e-07
  0.000438277 4.1121e-07
  0.000429576 5.9994e-07
  0.000434726 3.8691e-06
  0.00069169 2.6595e-06
  0.00076734 1.57356e-06
  0.000870606 1.39374e-06
  0.00101933 1.58274e-06
  0.000760415 1.43019e-06
  0.000659281 1.04976e-06
  8.16886e-05 3.321e-08
  0 0
  0 0
  0.00088721 9.7632e-07
  0.00018158 1.93293e-08
  0.00018158 1.93293e-08
  0 0
  0.00018158 2.62332e-08
  7.17439e-05 1.57626e-08
  0.000281471 1.90539e-07
  0.00107793 1.27197e-06
  0.000702789 8.4726e-07
  0.000304734 3.3129e-07
  0.000831271 1.05597e-06
  0.00147661 2.18484e-06
  0.000836509 1.188e-06
  0.000422295 4.1175e-07
  0.00538284 7.776e-06
  0.00538284 6.69591e-06
  0.00538284 9.54115e-06
  0.00538284 8.5536e-06
  0.00579029 1.26205e-05
  0.00558657 1.51088e-05
  0.00558657 1.7496e-05
  0.00558657 2.38568e-05
  0.00558657 1.43156e-05
  0.00558657 1.67029e-05
  0.00558657 1.54276e-05
  0.00547565 1.72783e-05
  0.00554129 0.00011143
  0.00881672 7.65936e-05
  0.00978102 4.53185e-05
  0.0110973 4.01397e-05
  0.0129931 4.55829e-05
  0.00969274 4.11895e-05
  0.00840362 3.02331e-05
  0.00104126 9.56448e-07
  0 0
  0 0
  0.011309 2.8118e-05
  0.00231453 1.7496e-06
  0.00231453 3.18116e-06
  0 0
  0.00231453 7.55516e-07
  0.000914494 4.53963e-07
  0.00358781 5.48752e-06
  0.01374 3.66327e-05
  0.0089582 2.44011e-05
  0.00388434 6.78223e-06
  0.0105959 3.04119e-05
  0.0188218 6.29234e-05
  0.0106627 3.42144e-05
  0.00538284 1.18584e-05
  0.00100495 2.09952e-06
  0.00243945 2.016e-06
  0.00243945 1.73598e-06
  0.00243945 2.2176e-06
  0.00243945 2.2176e-06
  0.0026241 3.27197e-06
  0.00253177 3.07037e-06
  0.00253177 3.07037e-06
  0.00253177 3.07037e-06
  0.00253177 3.07037e-06
  0.00253177 3.07037e-06
  0.00253177 3.07037e-06
  0.00248151 4.47955e-06
  0.00251126 2.88893e-05
  0.00399565 1.98576e-05
  0.00443265 1.17493e-05
  0.00502918 1.04066e-05
  0.00588832 1.18178e-05
  0.00439265 1.06788e-05
  0.00380843 7.83821e-06
  0.000471886 2.47968e-07
  0 0
  0 0
  0.0051251 7.28986e-06
  0.00104892 1.44325e-07
  0.00104892 1.44325e-07
  0 0
  0.00104892 1.95875e-07
  0.000414439 1.17694e-07
  0.00162596 1.42269e-06
  0.00622685 9.49738e-06
  0.00405976 6.32621e-06
  0.00176034 1.75835e-06
  0.00480196 7.88458e-06
  0.00852986 1.63135e-05
  0.00483222 8.8704e-06
  0.00243945 3.0744e-06
  0.000455432 5.4432e-07
  0.00580523 1.56764e-05
  0.00433467 3.7101e-06
  0.00433467 3.19477e-06
  0.00433467 4.08111e-06
  0.00433467 4.08111e-06
  0.00466277 6.02149e-06
  0.00449872 5.65048e-06
  0.00449872 5.65048e-06
  0.00449872 5.65048e-06
  0.00449872 5.65048e-06
  0.00449872 5.65048e-06
  0.00449872 5.65048e-06
  0.0044094 8.24384e-06
  0.00446226 5.31657e-05
  0.00709988 3.65445e-05
  0.0078764 2.16225e-05
  0.00893638 1.91515e-05
  0.010463 2.17486e-05
  0.00780531 1.96524e-05
  0.00676722 1.44249e-05
  0.000838497 4.56342e-07
  0 0
  0 0
  0.00910681 1.34157e-05
  0.00186383 2.65606e-07
  0.00186383 2.65606e-07
  0 0
  0.00186383 3.60473e-07
  0.000736419 2.16596e-07
  0.00288917 2.61822e-06
  0.0110645 1.74783e-05
  0.00721381 1.16423e-05
  0.00312796 3.23595e-06
  0.00853262 1.45102e-05
  0.0151567 3.00221e-05
  0.00858639 1.63244e-05
  0.00433467 5.6579e-06
  0.000809259 1.00173e-06
  0.0103153 2.88497e-05
  0.0046754 7.4813e-06
  0.000292018 6.5574e-08
  0.000292018 5.64658e-08
  0.000292018 7.21314e-08
  0.000292018 7.21314e-08
  0.000314122 1.06427e-07
  0.00030307 9.98692e-08
  0.00030307 9.98692e-08
  0.00030307 9.98692e-08
  0.00030307 9.98692e-08
  0.00030307 9.98692e-08
  0.00030307 9.98692e-08
  0.000297053 1.45705e-07
  0.000300614 9.39675e-07
  0.000478306 6.45904e-07
  0.000530619 3.82165e-07
  0.000602027 3.38493e-07
  0.000704872 3.84395e-07
  0.00052583 3.47345e-07
  0.000455895 2.54952e-07
  5.6488e-05 8.0656e-09
  0 0
  0 0
  0.000613509 2.37116e-07
  0.000125563 4.69444e-09
  0.000125563 4.69444e-09
  0 0
  0.000125563 6.37117e-09
  4.96112e-05 3.82821e-09
  0.000194638 4.62756e-08
  0.000745396 3.08919e-07
  0.000485981 2.05771e-07
  0.000210725 5.71936e-08
  0.000574827 2.5646e-07
  0.00102108 5.30625e-07
  0.000578449 2.88526e-07
  0.000292018 1e-07
  5.45183e-05 1.7705e-08
  0.000694925 5.09903e-07
  0.0003622 1.745e-07
  0.0006493 3.266e-07
  0.00488774 4.6366e-06
  0.00488774 3.99258e-06
  0.00488774 5.10026e-06
  0.00488774 5.10026e-06
  0.00525771 7.5252e-06
  0.00507273 7.06154e-06
  0.00507273 7.06154e-06
  0.00507273 7.06154e-06
  0.00507273 7.06154e-06
  0.00507273 7.06154e-06
  0.00507273 7.06154e-06
  0.00497201 1.03025e-05
  0.00503162 6.64425e-05
  0.00800578 4.56705e-05
  0.00888138 2.70221e-05
  0.0100766 2.39341e-05
  0.011798 2.71798e-05
  0.00880122 2.45601e-05
  0.00763067 1.80271e-05
  0.000945484 5.70302e-07
  0 0
  0 0
  0.0102688 1.67659e-05
  0.00210165 3.31934e-07
  0.00210165 3.31934e-07
  0 0
  0.00210165 4.50492e-07
  0.000830382 2.70685e-07
  0.00325781 3.27205e-06
  0.0124763 2.1843e-05
  0.00813424 1.45496e-05
  0.00352707 4.04404e-06
  0.00962133 1.81337e-05
  0.0170907 3.75194e-05
  0.00968196 2.0401e-05
  0.00488774 7.07082e-06
  0.000912515 1.25188e-06
  0.0116315 3.60542e-05
  0.00527128 9.34739e-06
  0.00936656 1.72023e-05
  0.000631008 3.0404e-07
  0.00466326 5.162e-06
  0.00466326 4.445e-06
  0.00466326 5.6782e-06
  0.00466326 5.6782e-06
  0.00501624 8.37793e-06
  0.00483975 7.86173e-06
  0.00483975 7.86173e-06
  0.00483975 7.86173e-06
  0.00483975 7.86173e-06
  0.00483975 7.86173e-06
  0.00483975 7.86173e-06
  0.00474366 1.147e-05
  0.00480053 7.39715e-05
  0.00763809 5.08457e-05
  0.00847348 3.00841e-05
  0.0096138 2.66462e-05
  0.0112561 3.02596e-05
  0.008397 2.73431e-05
  0.00728021 2.00699e-05
  0.00090206 6.34926e-07
  0 0
  0 0
  0.00979716 1.86658e-05
  0.00200512 3.69548e-07
  0.00200512 3.69548e-07
  0 0
  0.00200512 5.0154e-07
  0.000792244 3.01358e-07
  0.00310819 3.64282e-06
  0.0119033 2.43182e-05
  0.00776066 1.61984e-05
  0.00336508 4.5023e-06
  0.00917944 2.01886e-05
  0.0163057 4.17709e-05
  0.00923729 2.27128e-05
  0.00466326 7.87205e-06
  0.000870606 1.39374e-06
  0.0110973 4.01397e-05
  0.00502918 1.04066e-05
  0.00893638 1.91515e-05
  0.000602027 3.38493e-07
  0.0100766 2.39341e-05
  0.00226633 8.6686e-07
  0.00226633 7.46453e-07
  0.00226633 1.38038e-06
  0.00226633 9.53546e-07
  0.00243788 1.82587e-06
  0.0023521 2.18588e-06
  0.0023521 2.53125e-06
  0.0023521 3.4515e-06
  0.0023521 2.07112e-06
  0.0023521 2.4165e-06
  0.0023521 2.232e-06
  0.0023054 1.92616e-06
  0.00233304 1.24221e-05
  0.00371209 8.53857e-06
  0.00411809 5.05206e-06
  0.00467228 4.47473e-06
  0.00547045 5.08153e-06
  0.00408092 4.59176e-06
  0.00353816 3.37035e-06
  0.000438398 1.06624e-07
  0 0
  0 0
  0.00476139 3.13457e-06
  0.000974483 2.53125e-07
  0.000974483 4.60237e-07
  0 0
  0.000974483 1.09305e-07
  0.000385028 6.56775e-08
  0.00151057 7.93912e-07
  0.00578495 5.29987e-06
  0.00377166 2.72021e-06
  0.00163542 7.56075e-07
  0.00446118 3.39029e-06
  0.00792453 7.01463e-06
  0.0044893 3.81418e-06
  0.00226633 1.71562e-06
  0.000423112 3.0375e-07
  0.00539325 6.7407e-06
  0.00244417 1.74759e-06
  0.00434305 3.21614e-06
  0.000292583 5.68435e-08
  0.0048972 4.01928e-06
  0.00467228 4.47473e-06
  0.00243945 2.7568e-06
  0.00243945 2.37388e-06
  0.00243945 3.03248e-06
  0.00243945 3.03248e-06
  0.0026241 4.47429e-06
  0.00253177 4.19861e-06
  0.00253177 4.19861e-06
  0.00253177 4.19861e-06
  0.00253177 4.19861e-06
  0.00253177 4.19861e-06
  0.00253177 4.19861e-06
  0.00248151 6.12561e-06
  0.00251126 3.95049e-05
  0.00399565 2.71545e-05
  0.00443265 1.60666e-05
  0.00502918 1.42306e-05
  0.00588832 1.61604e-05
  0.00439265 1.46028e-05
  0.00380843 1.07184e-05
  0.000471886 3.39086e-07
  0 0
  0 0
  0.0051251 9.96859e-06
  0.00104892 1.97359e-07
  0.00104892 1.97359e-07
  0 0
  0.00104892 2.67851e-07
  0.000414439 1.60942e-07
  0.00162596 1.94547e-06
  0.00622685 1.29873e-05
  0.00405976 8.65084e-06
  0.00176034 2.40448e-06
  0.00480196 1.07818e-05
  0.00852986 2.2308e-05
  0.00483222 1.21299e-05
  0.00243945 4.20412e-06
  0.000455432 7.44336e-07
  0.00580523 2.14369e-05
  0.00263087 5.55771e-06
  0.0046748 1.0228e-05
  0.000314933 1.80774e-07
  0.00527128 1.27822e-05
  0.00502918 1.42306e-05
  0.00244417 2.38976e-06
  0.00414728 3.5732e-06
  0.00414728 3.07688e-06
  0.00414728 3.93052e-06
  0.00414728 3.93052e-06
  0.0044612 5.7993e-06
  0.00430424 5.44198e-06
  0.00430424 5.44198e-06
  0.00430424 5.44198e-06
  0.00430424 5.44198e-06
  0.00430424 5.44198e-06
  0.00430424 5.44198e-06
  0.00421878 7.93965e-06
  0.00426936 5.1204e-05
  0.00679296 3.5196e-05
  0.00753591 2.08246e-05
  0.00855006 1.84449e-05
  0.0100107 2.09461e-05
  0.00746789 1.89272e-05
  0.00647467 1.38926e-05
  0.000802249 4.39504e-07
  0 0
  0 0
  0.00871312 1.29207e-05
  0.00178326 2.55805e-07
  0.00178326 2.55805e-07
  0 0
  0.00178326 3.47172e-07
  0.000704584 2.08603e-07
  0.00276427 2.52161e-06
  0.0105862 1.68333e-05
  0.00690196 1.12127e-05
  0.00299274 3.11655e-06
  0.00816376 1.39748e-05
  0.0145015 2.89143e-05
  0.00821521 1.57221e-05
  0.00414728 5.44913e-06
  0.000774275 9.64764e-07
  0.00986941 2.77852e-05
  0.00447271 7.20357e-06
  0.00794759 1.32569e-05
  0.000535414 2.34309e-07
  0.00896165 1.65675e-05
  0.00855006 1.84449e-05
  0.0041553 3.09746e-06
  0.00447271 9.8506e-06
  0.00163226 1e-06
  0.00163226 8.611e-07
  0.00163226 1.227e-06
  0.00163226 1.1e-06
  0.00175581 1.623e-06
  0.00169404 1.943e-06
  0.00169404 2.25e-06
  0.00169404 3.068e-06
  0.00169404 1.841e-06
  0.00169404 2.148e-06
  0.00169404 1.984e-06
  0.0016604 2.222e-06
  0.00168031 1.433e-05
  0.00267353 9.85e-06
  0.00296593 5.828e-06
  0.00336508 5.162e-06
  0.00393994 5.862e-06
  0.00293917 5.297e-06
  0.00254826 3.888e-06
  0.000315744 1.23e-07
  0 0
  0 0
  0.00342925 3.616e-06
  0.000701844 2.25e-07
  0.000701844 4.091e-07
  0 0
  0.000701844 9.716e-08
  0.000277306 5.838e-08
  0.00108794 7.057e-07
  0.00416645 4.711e-06
  0.00271643 3.138e-06
  0.00117786 8.722e-07
  0.00321304 3.911e-06
  0.00570742 8.092e-06
  0.00323329 4.4e-06
  0.00163226 1.525e-06
  0.000304734 2.7e-07
  0.00388434 7.776e-06
  0.00176034 2.016e-06
  0.00312796 3.7101e-06
  0.000210725 6.5574e-08
  0.00352707 4.6366e-06
  0.00336508 5.162e-06
  0.00163542 8.6686e-07
  0.00176034 2.7568e-06
  0.00299274 3.5732e-06
  0.00230095 1.837e-06
  0.00230095 1.58184e-06
  0.00230095 2.0207e-06
  0.00230095 2.0207e-06
  0.00247512 2.98145e-06
  0.00238804 2.79775e-06
  0.00238804 2.79775e-06
  0.00238804 2.79775e-06
  0.00238804 2.79775e-06
  0.00238804 2.79775e-06
  0.00238804 2.79775e-06
  0.00234062 4.08181e-06
  0.00236869 2.63242e-05
  0.0037688 1.80944e-05
  0.004181 1.0706e-05
  0.00474366 9.48259e-06
  0.00555402 1.07685e-05
  0.00414326 9.73059e-06
  0.00359222 7.14226e-06
  0.000445096 2.25951e-07
  0 0
  0 0
  0.00483413 6.64259e-06
  0.000989371 1.31511e-07
  0.000989371 1.31511e-07
  0 0
  0.000989371 1.78483e-07
  0.00039091 1.07244e-07
  0.00153365 1.29637e-06
  0.00587333 8.65411e-06
  0.00382928 5.76451e-06
  0.0016604 1.60223e-06
  0.00452934 7.18451e-06
  0.00804559 1.4865e-05
  0.00455788 8.0828e-06
  0.00230095 2.80142e-06
  0.000429576 4.9599e-07
  0.00547565 1.42845e-05
  0.00248151 3.70339e-06
  0.0044094 6.81545e-06
  0.000297053 1.20459e-07
  0.00497201 8.51743e-06
  0.00474366 9.48259e-06
  0.0023054 1.59242e-06
  0.00248151 5.06424e-06
  0.00421878 6.56397e-06
  0.0016604 1.837e-06
  0.00400883 5.077e-06
  0.00400883 4.37181e-06
  0.00400883 5.5847e-06
  0.00400883 5.5847e-06
  0.00431228 8.23997e-06
  0.00416055 7.73227e-06
  0.00416055 7.73227e-06
  0.00416055 7.73227e-06
  0.00416055 7.73227e-06
  0.00416055 7.73227e-06
  0.00416055 7.73227e-06
  0.00407795 1.12811e-05
  0.00412684 7.27534e-05
  0.00656619 5.00084e-05
  0.00728434 2.95888e-05
  0.00826463 2.62075e-05
  0.00967649 2.97614e-05
  0.0072186 2.68929e-05
  0.00625853 1.97394e-05
  0.000775468 6.24471e-07
  0 0
  0 0
  0.00842226 1.83584e-05
  0.00172373 3.63462e-07
  0.00172373 3.63462e-07
  0 0
  0.00172373 4.93281e-07
  0.000681063 2.96395e-07
  0.00267199 3.58284e-06
  0.0102328 2.39177e-05
  0.00667155 1.59316e-05
  0.00289283 4.42816e-06
  0.00789123 1.98562e-05
  0.0140174 4.10831e-05
  0.00794096 2.23388e-05
  0.00400883 7.74242e-06
  0.000748428 1.37079e-06
  0.00953994 3.94787e-05
  0.0043234 1.02352e-05
  0.00768228 1.88362e-05
  0.000517541 3.32919e-07
  0.00866248 2.354e-05
  0.00826463 2.62075e-05
  0.00401659 4.40105e-06
  0.0043234 1.39963e-05
  0.00735017 1.81411e-05
  0.00289283 5.077e-06
  0.00407795 9.32645e-06
  0.00226195 1.227e-06
  0.00226195 1.05657e-06
  0.00226195 1.50553e-06
  0.00226195 1.3497e-06
  0.00243317 1.99142e-06
  0.00234756 1.86872e-06
  0.00234756 2.76075e-06
  0.00234756 1.86872e-06
  0.00234756 2.25891e-06
  0.00234756 1.86872e-06
  0.00234756 1.86872e-06
  0.00230095 2.72639e-06
  0.00232854 1.75829e-05
  0.00370492 1.2086e-05
  0.00411014 7.15096e-06
  0.00466326 6.33377e-06
  0.00545989 7.19267e-06
  0.00407304 6.49942e-06
  0.00353133 4.77058e-06
  0.000437552 1.50921e-07
  0 0
  0 0
  0.00475219 4.43683e-06
  0.000972602 8.78409e-08
  0.000972602 8.78409e-08
  0 0
  0.000972602 1.19215e-07
  0.000384285 7.16323e-08
  0.00150765 8.65894e-07
  0.00577378 5.7804e-06
  0.00376437 3.85033e-06
  0.00163226 1.07019e-06
  0.00445257 4.7988e-06
  0.00790923 9.92888e-06
  0.00448063 5.3988e-06
  0.00226195 1.87117e-06
  0.000422295 3.3129e-07
  0.00538284 9.54115e-06
  0.00243945 2.47363e-06
  0.00433467 4.55229e-06
  0.000292018 8.04593e-08
  0.00488774 5.68911e-06
  0.00466326 6.33377e-06
  0.00226633 1.38038e-06
  0.00243945 3.38259e-06
  0.00414728 4.38432e-06
  0.00163226 1.227e-06
  0.00230095 2.254e-06
  0.00400883 6.22948e-06
  0.00332473 3.6864e-06
  0.00332473 3.17436e-06
  0.00332473 4.05504e-06
  0.00332473 4.05504e-06
  0.00357639 5.98303e-06
  0.00345056 5.61439e-06
  0.00345056 5.61439e-06
  0.00345056 5.61439e-06
  0.00345056 5.61439e-06
  0.00345056 5.61439e-06
  0.00345056 5.61439e-06
  0.00338205 8.19118e-06
  0.0034226 5.28261e-05
  0.00544568 3.6311e-05
  0.00604128 2.14843e-05
  0.00685428 1.90292e-05
  0.00802521 2.16097e-05
  0.00598675 1.95269e-05
  0.00519052 1.43327e-05
  0.000643135 4.53427e-07
  0 0
  0 0
  0.00698501 1.333e-05
  0.00142958 2.63909e-07
  0.00142958 2.63909e-07
  0 0
  0.00142958 3.58171e-07
  0.000564841 2.15212e-07
  0.00221602 2.60149e-06
  0.00848659 1.73666e-05
  0.00553306 1.15679e-05
  0.00239917 3.21528e-06
  0.0065446 1.44175e-05
  0.0116254 2.98303e-05
  0.00658584 1.62202e-05
  0.00332473 5.62176e-06
  0.000620709 9.95328e-07
  0.00791196 2.86655e-05
  0.00358562 7.43178e-06
  0.0063713 1.36769e-05
  0.000429223 2.41732e-07
  0.00718424 1.70924e-05
  0.00685428 1.90292e-05
  0.00333116 3.19559e-06
  0.00358562 1.01627e-05
  0.00609587 1.31722e-05
  0.00239917 3.6864e-06
  0.00338205 6.77192e-06
  0.00589238 1.87158e-05
  0.00332473 4.52321e-06
  0.00231237 1.2609e-06
  0.00231237 1.08576e-06
  0.00231237 1.54712e-06
  0.00231237 1.38699e-06
  0.0024874 2.04644e-06
  0.00239988 2.44993e-06
  0.00239988 2.83703e-06
  0.00239988 3.86844e-06
  0.00239988 2.32132e-06
  0.00239988 2.70841e-06
  0.00239988 2.50163e-06
  0.00235224 2.80172e-06
  0.00238043 1.80687e-05
  0.0037875 1.24199e-05
  0.00420174 7.34852e-06
  0.00476719 6.50877e-06
  0.00558158 7.3914e-06
  0.00416382 6.67899e-06
  0.00361003 4.90238e-06
  0.000447304 1.55091e-07
  0 0
  0 0
  0.00485811 4.55941e-06
  0.000994279 2.83702e-07
  0.000994279 5.15834e-07
  0 0
  0.000994279 1.22509e-07
  0.00039285 7.36113e-08
  0.00154125 8.89817e-07
  0.00590247 5.9401e-06
  0.00384827 3.9567e-06
  0.00166864 1.09976e-06
  0.0045518 4.93138e-06
  0.00808551 1.02032e-05
  0.00458049 5.54796e-06
  0.00231237 1.92287e-06
  0.000431707 3.40443e-07
  0.00550281 9.80476e-06
  0.00249382 2.54197e-06
  0.00443128 4.67807e-06
  0.000298527 8.26823e-08
  0.00499668 5.84629e-06
  0.00476719 6.50877e-06
  0.00231684 1.09302e-06
  0.00249382 3.47605e-06
  0.00423971 4.50545e-06
  0.00166864 1.2609e-06
  0.00235224 2.31627e-06
  0.00409818 6.40159e-06
  0.00231237 1.54712e-06
  0.00339883 4.64818e-06
  0.00275387 2.2461e-06
  0.00275387 3.65936e-06
  0.00275387 2.43891e-06
  0.00275387 2.43891e-06
  0.00296232 3.22604e-06
  0.00285809 3.8621e-06
  0.00285809 4.47233e-06
  0.00285809 6.09826e-06
  0.00285809 3.65936e-06
  0.00285809 4.26958e-06
  0.00285809 3.9436e-06
  0.00280135 4.41667e-06
  0.00283493 2.84837e-05
  0.00451064 1.95788e-05
  0.00500398 1.15843e-05
  0.00567739 1.02605e-05
  0.00664726 1.16519e-05
  0.00495881 1.05288e-05
  0.0042993 7.72818e-06
  0.000532708 2.44487e-07
  0 0
  0 0
  0.00578567 7.18752e-06
  0.00118412 1.42299e-07
  0.00118412 1.42299e-07
  0 0
  0.00118412 1.93125e-07
  0.000467856 1.16042e-07
  0.00183553 1.40272e-06
  0.00702942 9.36405e-06
  0.00458302 6.2374e-06
  0.00198723 2.43891e-06
  0.00542088 7.7739e-06
  0.00962927 1.60845e-05
  0.00545504 8.74588e-06
  0.00275387 3.03124e-06
  0.000514132 5.36679e-07
  0.00655346 1.54564e-05
  0.00296996 4.0072e-06
  0.00527734 7.37457e-06
  0.000355524 1.30341e-07
  0.00595069 9.21617e-06
  0.00567739 1.02605e-05
  0.00275919 2.23616e-06
  0.00296996 5.47969e-06
  0.0050492 7.10245e-06
  0.00198723 1.9877e-06
  0.00280135 3.6514e-06
  0.00488064 1.00916e-05
  0.00275387 2.43891e-06
  0.00404777 7.32746e-06
  0.00281524 2.50629e-06
  0.00466326 5.162e-06
  0.00466326 1.5837e-05
  0.00466326 5.6782e-06
  0.00466326 5.6782e-06
  0.00501624 8.37793e-06
  0.00483975 7.86173e-06
  0.00483975 7.86173e-06
  0.00483975 7.86173e-06
  0.00483975 7.86173e-06
  0.00483975 7.86173e-06
  0.00483975 7.86173e-06
  0.00474366 1.147e-05
  0.00480053 7.39715e-05
  0.00763809 5.08457e-05
  0.00847348 3.00841e-05
  0.0096138 2.66462e-05
  0.0112561 3.02596e-05
  0.008397 2.73431e-05
  0.00728021 2.00699e-05
  0.00090206 6.34926e-07
  0 0
  0 0
  0.00979716 1.86658e-05
  0.00200512 3.69548e-07
  0.00200512 3.69548e-07
  0 0
  0.00200512 5.0154e-07
  0.000792244 3.01358e-07
  0.00310819 3.64282e-06
  0.0119033 2.43182e-05
  0.00776066 1.61984e-05
  0.00336508 4.5023e-06
  0.00917944 2.01886e-05
  0.0163057 4.17709e-05
  0.00923729 2.27128e-05
  0.00466326 7.87205e-06
  0.000870606 1.39374e-06
  0.0110973 4.01397e-05
  0.00502918 1.04066e-05
  0.00893638 1.91515e-05
  0.000602027 3.38493e-07
  0.0100766 2.39341e-05
  0.0096138 2.66462e-05
  0.00467228 4.47473e-06
  0.00502918 1.42306e-05
  0.00855006 1.84449e-05
  0.00336508 5.162e-06
  0.00474366 9.48259e-06
  0.00826463 2.62075e-05
  0.00466326 6.33377e-06
  0.00685428 1.90292e-05
  0.00476719 6.50877e-06
  0.00567739 1.02605e-05
  0.00577378 5.32343e-06
  0.00577378 1.44533e-05
  0.00577378 5.7804e-06
  0.00577378 5.7804e-06
  0.00621082 7.64595e-06
  0.0059923 7.17485e-06
  0.0059923 7.17485e-06
  0.0059923 7.17485e-06
  0.0059923 8.67295e-06
  0.0059923 7.17485e-06
  0.0059923 7.17485e-06
  0.00587333 1.04678e-05
  0.00594374 6.75086e-05
  0.00945706 4.64034e-05
  0.0104914 2.74557e-05
  0.0119033 2.43182e-05
  0.0139367 2.76159e-05
  0.0103967 2.49542e-05
  0.00901395 1.83164e-05
  0.00111688 5.79453e-07
  0 0
  0 0
  0.0121303 1.7035e-05
  0.00248263 3.37261e-07
  0.00248263 3.37261e-07
  0 0
  0.00248263 4.57721e-07
  0.000980912 2.75028e-07
  0.00384838 3.32455e-06
  0.014738 2.21935e-05
  0.00960881 1.47831e-05
  0.00416645 5.7804e-06
  0.0113655 1.84247e-05
  0.0201888 3.81214e-05
  0.0114371 2.07284e-05
  0.00577378 7.18428e-06
  0.00107793 1.27197e-06
  0.01374 3.66327e-05
  0.00622685 9.49738e-06
  0.0110645 1.74783e-05
  0.000745396 3.08919e-07
  0.0124763 2.1843e-05
  0.0119033 2.43182e-05
  0.00578495 5.29987e-06
  0.00622685 1.29873e-05
  0.0105862 1.68333e-05
  0.00416645 4.711e-06
  0.00587333 8.65411e-06
  0.0102328 2.39177e-05
  0.00577378 5.7804e-06
  0.00848659 1.73666e-05
  0.00590247 5.9401e-06
  0.00702942 9.36405e-06
  0.0119033 2.43182e-05
